20
1000 Branza 19.99 6 23 25 22 78 100 39
1001 Cascaval 9.99 3 23 25 22
1002 Apa 2.99 4 10 11 12 68
1003 Salam 39.98 7 23 25 22 78 100 39 18
1004 Iaurt 4.39 6 23 25 22 78 100 39
1005 Lapte 7.89 6 23 25 22 78 100 39
1006 Carnat 11.99 6 23 25 22 78 100 39
1007 Vin 35.99 6 23 25 22 78 100 39
1008 Suc 6.79 6 23 25 22 78 100 39
1009 Samantana 5.49 6 23 25 22 78 100 39
1010 Cui 0.59 6 23 25 22 78 100 39
1011 Surub 0.69 6 23 25 22 78 100 39
1012 Sticla 7.99 6 23 25 22 78 100 39
1013 Surubelnita 29.99 6 23 25 22 78 100 39
1014 Marmelada 19.79 6 23 25 22 78 100 39
1015 Inghetata 1.49 6 23 25 22 78 100 39
1016 Furculita 3.49 6 23 25 22 78 100 39
1017 Lingura 3.49 6 23 25 22 78 100 39
1018 Cearsaf 59.99 6 23 25 22 78 100 39
1019 Milka 4.99 10 23 25 22 78 100 39 56 23 11 10


